version https://git-lfs.github.com/spec/v1
oid sha256:8b2dd3fe6d4afc7118de18e7cf65c1b50fb5681a7722b6f6d812a236f54b9584
size 954
